-1.0  -1.0  -1.0  -1.0  -1.0  -1.0  -1.0  -1.0  -1.0  -1.0  -20.0  -1.0  -1.0  -1.0  0  100.0  
-1.6  -1.6  -1.6  -1.6  -1.6  -1.6  -1.6  -1.6  -1.6  -1.6  -20.6  59.0  -1.6  -1.6  0  100.0  
-1.96  -1.96  -1.96  -1.96  -1.96  -1.96  -1.96  34.4  -1.96  -1.96  15.4  59.0  -1.96  -1.96  0  100.0  
-2.176  -2.176  -2.176  19.64  -2.176  -2.176  19.64  34.4  -2.176  8.24  15.4  59.0  -2.176  3.944  0  100.0  
-2.306  -2.306  10.784  19.64  -2.306  10.784  19.64  34.4  3.944  8.24  15.4  59.0  1.366  3.944  0  100.0  
-2.384  5.47  10.784  19.64  5.47  10.784  19.64  34.4  3.944  8.24  15.4  59.0  1.366  3.944  0  100.0  
2.282  5.47  10.784  19.64  5.47  10.784  19.64  34.4  3.944  8.24  15.4  59.0  1.366  3.944  0  100.0  
2.282  5.47  10.784  19.64  5.47  10.784  19.64  34.4  3.944  8.24  15.4  59.0  1.366  3.944  0  100.0  
2.282  5.47  10.784  19.64  5.47  10.784  19.64  34.4  3.944  8.24  15.4  59.0  1.366  3.944  0  100.0  
2.282  5.47  10.784  19.64  5.47  10.784  19.64  34.4  3.944  8.24  15.4  59.0  1.366  3.944  0  100.0  
2.282  5.47  10.784  19.64  5.47  10.784  19.64  34.4  3.944  8.24  15.4  59.0  1.366  3.944  0  100.0  
2.282  5.47  10.784  19.64  5.47  10.784  19.64  34.4  3.944  8.24  15.4  59.0  1.366  3.944  0  100.0  
2.282  5.47  10.784  19.64  5.47  10.784  19.64  34.4  3.944  8.24  15.4  59.0  1.366  3.944  0  100.0  
2.282  5.47  10.784  19.64  5.47  10.784  19.64  34.4  3.944  8.24  15.4  59.0  1.366  3.944  0  100.0  
2.282  5.47  10.784  19.64  5.47  10.784  19.64  34.4  3.944  8.24  15.4  59.0  1.366  3.944  0  100.0  
2.282  5.47  10.784  19.64  5.47  10.784  19.64  34.4  3.944  8.24  15.4  59.0  1.366  3.944  0  100.0  
2.282  5.47  10.784  19.64  5.47  10.784  19.64  34.4  3.944  8.24  15.4  59.0  1.366  3.944  0  100.0  
2.282  5.47  10.784  19.64  5.47  10.784  19.64  34.4  3.944  8.24  15.4  59.0  1.366  3.944  0  100.0  
2.282  5.47  10.784  19.64  5.47  10.784  19.64  34.4  3.944  8.24  15.4  59.0  1.366  3.944  0  100.0  
2.282  5.47  10.784  19.64  5.47  10.784  19.64  34.4  3.944  8.24  15.4  59.0  1.366  3.944  0  100.0  
