-1.0  -1.0  -1.0  -1.0  -1.0  -1.099  -1.099  -1.099  -1.0  -1.099  -20.109  -1.109  -1.0  -1.099  0  100.0  
-1.99  -2.0  -2.0  -2.0  -2.0  -2.177  -2.908  -2.178  -2.0  -2.908  -22.701  75.843  -2.0  -2.177  0  100.0  
-2.971  -2.998  -3.07  -2.998  -2.998  -3.888  -4.032  58.453  -3.07  -4.032  37.421  89.413  -2.998  -3.237  0  100.0  
-3.944  -4.069  -4.078  44.594  -4.069  -4.995  48.596  80.413  -4.078  27.822  59.331  92.926  -3.992  20.319  0  100.0  
-4.917  -5.113  41.397  71.2  -5.113  39.736  72.659  87.752  20.134  51.936  66.664  93.999  16.691  43.797  0  100.0  
-5.887  35.214  67.081  82.189  31.881  65.174  81.74  90.227  44.942  62.586  69.139  94.351  40.582  56.922  0  100.0  
29.463  62.067  78.827  86.4  57.984  76.079  85.108  91.084  58.326  71.874  69.996  94.47  54.847  66.989  0  100.0  
56.814  75.107  83.658  87.974  70.653  80.957  86.35  91.386  68.349  76.814  70.298  94.512  65.194  72.923  0  100.0  
71.104  80.707  85.506  88.552  76.924  82.984  86.802  91.494  74.295  79.038  70.406  94.527  71.515  75.897  0  100.0  
77.575  82.926  86.192  88.763  79.758  83.782  86.966  91.533  77.348  79.983  70.445  94.532  74.853  77.271  0  100.0  
80.253  83.768  86.443  88.84  80.958  84.088  87.026  91.547  78.695  80.363  70.459  94.534  76.387  77.86  0  100.0  
81.304  84.081  86.535  88.867  81.438  84.205  87.048  91.552  79.246  80.511  70.464  94.535  77.033  78.099  0  100.0  
81.704  84.196  86.567  88.877  81.624  84.248  87.055  91.554  79.462  80.567  70.466  94.535  77.292  78.193  0  100.0  
81.853  84.237  86.579  88.881  81.695  84.263  87.058  91.554  79.545  80.587  70.467  94.535  77.393  78.228  0  100.0  
81.907  84.252  86.584  88.882  81.72  84.269  87.059  91.554  79.575  80.595  70.467  94.535  77.43  78.241  0  100.0  
81.927  84.258  86.585  88.882  81.73  84.271  87.059  91.554  79.587  80.598  70.467  94.535  77.444  78.246  0  100.0  
81.934  84.26  86.585  88.882  81.733  84.272  87.059  91.554  79.591  80.599  70.467  94.535  77.449  78.248  0  100.0  
81.937  84.26  86.585  88.882  81.735  84.272  87.059  91.554  79.593  80.599  70.467  94.535  77.452  78.249  0  100.0  
81.937  84.26  86.585  88.882  81.735  84.272  87.059  91.554  79.593  80.599  70.467  94.535  77.452  78.249  0  100.0  
81.937  84.26  86.585  88.882  81.735  84.272  87.059  91.554  79.593  80.599  70.467  94.535  77.452  78.249  0  100.0  
