-0.04  -0.04  -0.04  1.0  -0.04  0  -0.04  -1.0  -0.04  -0.04  -0.044  -0.044  
-0.08  -0.08  0.744  1.0  -0.08  0  0.446  -1.0  -0.08  -0.083  0.301  0.095  
-0.119  0.533  0.87  1.0  -0.119  0  0.594  -1.0  -0.119  0.182  0.458  0.233  
0.359  0.755  0.897  1.0  0.221  0  0.63  -1.0  0.141  0.359  0.518  0.294  
0.615  0.82  0.903  1.0  0.491  0  0.639  -1.0  0.398  0.441  0.539  0.317  
0.719  0.838  0.905  1.0  0.627  0  0.641  -1.0  0.54  0.475  0.546  0.325  
0.757  0.843  0.905  1.0  0.684  0  0.641  -1.0  0.602  0.531  0.552  0.33  
0.77  0.844  0.905  1.0  0.705  0  0.641  -1.0  0.631  0.565  0.556  0.334  
0.774  0.844  0.905  1.0  0.713  0  0.641  -1.0  0.643  0.581  0.558  0.336  
0.776  0.844  0.905  1.0  0.716  0  0.641  -1.0  0.648  0.588  0.559  0.337  
0.776  0.844  0.905  1.0  0.716  0  0.641  -1.0  0.649  0.59  0.559  0.337  
0.776  0.844  0.905  1.0  0.716  0  0.641  -1.0  0.65  0.592  0.56  0.338  
0.776  0.844  0.905  1.0  0.716  0  0.641  -1.0  0.65  0.592  0.56  0.338  
0.776  0.844  0.905  1.0  0.716  0  0.641  -1.0  0.65  0.592  0.56  0.338  
0.776  0.844  0.905  1.0  0.716  0  0.641  -1.0  0.65  0.592  0.56  0.338  
0.776  0.844  0.905  1.0  0.716  0  0.641  -1.0  0.65  0.592  0.56  0.338  
0.776  0.844  0.905  1.0  0.716  0  0.641  -1.0  0.65  0.592  0.56  0.338  
0.776  0.844  0.905  1.0  0.716  0  0.641  -1.0  0.65  0.592  0.56  0.338  
0.776  0.844  0.905  1.0  0.716  0  0.641  -1.0  0.65  0.592  0.56  0.338  
0.776  0.844  0.905  1.0  0.716  0  0.641  -1.0  0.65  0.592  0.56  0.338  
