-0.04  -0.04  -0.04  1.0  -0.04  0  -0.04  -1.0  -0.04  -0.04  -0.044  -0.044  
-0.08  -0.052  0.744  1.0  -0.052  0  0.45  -1.0  -0.08  -0.052  0.307  0.1  
-0.094  0.544  0.87  1.0  -0.057  0  0.55  -1.0  -0.095  0.198  0.425  0.207  
0.376  0.703  0.893  1.0  0.252  0  0.568  -1.0  0.17  0.316  0.462  0.247  
0.579  0.737  0.897  1.0  0.444  0  0.571  -1.0  0.36  0.357  0.472  0.259  
0.645  0.743  0.897  1.0  0.515  0  0.571  -1.0  0.439  0.369  0.474  0.262  
0.663  0.744  0.897  1.0  0.536  0  0.571  -1.0  0.465  0.372  0.475  0.263  
0.668  0.744  0.897  1.0  0.542  0  0.571  -1.0  0.472  0.373  0.475  0.263  
0.669  0.744  0.897  1.0  0.544  0  0.571  -1.0  0.475  0.373  0.475  0.263  
0.669  0.744  0.897  1.0  0.544  0  0.571  -1.0  0.475  0.373  0.475  0.263  
0.669  0.744  0.897  1.0  0.544  0  0.571  -1.0  0.475  0.373  0.475  0.263  
0.669  0.744  0.897  1.0  0.544  0  0.571  -1.0  0.475  0.373  0.475  0.263  
0.669  0.744  0.897  1.0  0.544  0  0.571  -1.0  0.475  0.373  0.475  0.263  
0.669  0.744  0.897  1.0  0.544  0  0.571  -1.0  0.475  0.373  0.475  0.263  
0.669  0.744  0.897  1.0  0.544  0  0.571  -1.0  0.475  0.373  0.475  0.263  
0.669  0.744  0.897  1.0  0.544  0  0.571  -1.0  0.475  0.373  0.475  0.263  
0.669  0.744  0.897  1.0  0.544  0  0.571  -1.0  0.475  0.373  0.475  0.263  
0.669  0.744  0.897  1.0  0.544  0  0.571  -1.0  0.475  0.373  0.475  0.263  
0.669  0.744  0.897  1.0  0.544  0  0.571  -1.0  0.475  0.373  0.475  0.263  
0.669  0.744  0.897  1.0  0.544  0  0.571  -1.0  0.475  0.373  0.475  0.263  
