-1.0  -1.0  -1.0  -1.0  -1.0  -1.0  -1.0  -1.0  -1.0  -1.0  -20.0  -1.0  -1.0  -1.0  0  100.0  
-1.99  -1.99  -1.99  -1.99  -1.99  -1.99  -1.99  -1.99  -1.99  -1.99  -20.99  98.0  -1.99  -1.99  0  100.0  
-2.97  -2.97  -2.97  -2.97  -2.97  -2.97  -2.97  96.02  -2.97  -2.97  77.02  98.0  -2.97  -2.97  0  100.0  
-3.94  -3.94  -3.94  94.06  -3.94  -3.94  94.06  96.02  -3.94  75.25  77.02  98.0  -3.94  73.498  0  100.0  
-4.901  -4.901  92.119  94.06  -4.901  92.119  94.06  96.02  73.498  90.198  77.02  98.0  71.763  88.296  0  100.0  
-5.852  90.198  92.119  94.06  90.198  92.119  94.06  96.02  88.296  90.198  77.02  98.0  86.413  88.296  0  100.0  
88.296  90.198  92.119  94.06  90.198  92.119  94.06  96.02  88.296  90.198  77.02  98.0  86.413  88.296  0  100.0  
88.296  90.198  92.119  94.06  90.198  92.119  94.06  96.02  88.296  90.198  77.02  98.0  86.413  88.296  0  100.0  
88.296  90.198  92.119  94.06  90.198  92.119  94.06  96.02  88.296  90.198  77.02  98.0  86.413  88.296  0  100.0  
88.296  90.198  92.119  94.06  90.198  92.119  94.06  96.02  88.296  90.198  77.02  98.0  86.413  88.296  0  100.0  
88.296  90.198  92.119  94.06  90.198  92.119  94.06  96.02  88.296  90.198  77.02  98.0  86.413  88.296  0  100.0  
88.296  90.198  92.119  94.06  90.198  92.119  94.06  96.02  88.296  90.198  77.02  98.0  86.413  88.296  0  100.0  
88.296  90.198  92.119  94.06  90.198  92.119  94.06  96.02  88.296  90.198  77.02  98.0  86.413  88.296  0  100.0  
88.296  90.198  92.119  94.06  90.198  92.119  94.06  96.02  88.296  90.198  77.02  98.0  86.413  88.296  0  100.0  
88.296  90.198  92.119  94.06  90.198  92.119  94.06  96.02  88.296  90.198  77.02  98.0  86.413  88.296  0  100.0  
88.296  90.198  92.119  94.06  90.198  92.119  94.06  96.02  88.296  90.198  77.02  98.0  86.413  88.296  0  100.0  
88.296  90.198  92.119  94.06  90.198  92.119  94.06  96.02  88.296  90.198  77.02  98.0  86.413  88.296  0  100.0  
88.296  90.198  92.119  94.06  90.198  92.119  94.06  96.02  88.296  90.198  77.02  98.0  86.413  88.296  0  100.0  
88.296  90.198  92.119  94.06  90.198  92.119  94.06  96.02  88.296  90.198  77.02  98.0  86.413  88.296  0  100.0  
88.296  90.198  92.119  94.06  90.198  92.119  94.06  96.02  88.296  90.198  77.02  98.0  86.413  88.296  0  100.0  
