-1.0  -1.0  -1.0  -1.0  -1.0  -1.099  -1.099  -1.099  -1.0  -1.099  -300.109  -1.109  -1.0  -1.099  0  100.0  
-1.99  -2.0  -2.0  -2.0  -2.0  -2.177  -2.908  -2.178  -2.0  -2.908  -302.701  48.123  -2.0  -2.177  0  100.0  
-2.971  -2.998  -3.07  -2.998  -2.998  -3.888  -4.032  36.499  -3.07  -4.032  -292.253  54.031  -2.998  -3.237  0  100.0  
-3.944  -4.069  -4.078  27.207  -4.069  -4.995  -1.111  45.296  -4.078  -5.045  -286.25  56.177  -3.992  -4.279  0  100.0  
-4.917  -5.113  20.034  39.551  -5.113  -2.886  19.066  49.864  -5.065  -5.721  -279.905  58.329  -4.98  -5.306  0  100.0  
-5.887  14.075  34.195  45.793  -4.37  14.927  32.497  53.35  -5.529  -4.426  -268.926  60.378  -5.962  -5.621  0  100.0  
9.132  28.954  41.871  49.932  11.179  27.166  40.133  56.074  6.868  6.572  -261.587  62.271  3.293  3.975  0  100.0  
23.942  37.718  46.665  52.974  23.566  35.179  44.993  58.324  18.995  17.92  -256.427  63.993  14.764  15.048  0  100.0  
33.576  43.175  50.03  55.39  32.066  40.823  48.439  60.252  28.051  26.748  -252.653  65.547  24.168  24.067  0  100.0  
39.693  46.94  52.617  57.412  38.038  44.738  51.067  61.934  34.551  33.176  -249.781  66.945  31.14  30.741  0  100.0  
43.872  49.749  54.735  59.154  42.196  47.655  53.199  63.419  39.124  37.747  -247.502  68.199  36.112  35.514  0  100.0  
46.922  51.993  56.535  60.681  45.261  50.018  55.006  64.738  42.457  41.094  -245.615  69.323  39.717  38.994  0  100.0  
49.305  53.875  58.102  62.032  47.699  51.967  56.571  65.913  45.049  43.684  -244.008  70.329  42.471  41.663  0  100.0  
51.272  55.495  59.482  63.233  49.694  53.623  57.944  66.962  47.142  45.77  -242.615  71.23  44.666  43.796  0  100.0  
52.948  56.912  60.706  64.304  51.378  55.057  59.159  67.9  48.89  47.507  -241.391  72.036  46.479  45.563  0  100.0  
54.403  58.164  61.795  65.261  52.831  56.315  60.239  68.738  50.385  48.991  -240.309  72.758  48.017  47.065  0  100.0  
55.682  59.275  62.768  66.115  54.102  57.428  61.203  69.488  51.687  50.281  -239.346  73.404  49.349  48.368  0  100.0  
56.814  60.266  63.636  66.88  55.225  58.417  62.062  70.159  52.833  51.415  -238.49  73.982  50.518  49.51  0  100.0  
57.823  61.149  64.413  67.564  56.221  59.297  62.831  70.76  53.848  52.42  -237.724  74.499  51.55  50.522  0  100.0  
58.72  61.939  65.108  68.176  57.107  60.084  63.519  71.297  54.749  53.311  -237.04  74.962  52.466  51.418  0  100.0  
